395.53450528353835 275.2110001579656 21.118407751382257 511.32297409982164 20.912925072941828 
308.63010802943865 242.6319457506961 582.8777276990753 47.14893594049297 244.96867387995755 
310.67604954784395 267.5024387905738 144.43115980311882 104.51686783567791 156.68907645617492 
564.2310705232327 455.3553493196238 429.7053803870127 356.1931734062643 211.20119434643934 
122.57634309666348 396.64090620913004 617.1332373817162 42.935310057530025 493.88890228708874 
321.06293011000855 101.5046446784797 291.65293994496614 603.9567614372526 545.4407640714763 
154.48809054452212 594.3321520672329 281.90820943561846 243.92933954899868 565.3106697731864 
617.2394113414656 584.0171713210473 431.90277999156314 434.0516515657874 559.646462655661 
400.6884957234075 616.7842622177751 468.6119943001535 348.4529345721043 236.96619070712003 
276.89099044383687 86.06598646544495 85.43339018761057 315.7833709048111 305.01318051982946 
242.61409069239275 258.82784005364476 103.17262741924574 303.44558759732814 266.35558724566056 
380.99402797951734 504.65556102897443 367.1904345516348 517.0998033348342 263.840652143218 
532.030400282236 542.0504219031546 47.43459166596336 493.76003349876083 189.77616338260532 
294.3308240826953 189.2710278744431 617.7789781622045 480.2923525061537 478.8689549242126 
540.0827175699116 302.64682409249633 577.1928406192851 242.1101905140641 373.0589463845037 
478.579083473178 165.87268462716102 46.9491317936331 45.389898352247116 429.37566664074996 
100.56665456197992 556.0545273101452 128.90311789641277 140.63238059768167 77.11819922997748 
460.3969810770247 337.269740265946 567.7643973832222 570.6776603781566 89.69795417990645 
473.99925889608994 35.56051498009772 237.54832615951108 391.5189465088502 375.4416987511506 
130.98694626338744 530.399319242033 215.70949689297493 173.01578978092948 400.95929326677566 
26.06382540365058 390.93294613259 548.8820140191212 316.8016434381464 115.14159090316186 
429.98845368354444 409.27916068833787 117.11131551961667 52.62430622801671 250.64823484061273 
349.74333883597916 90.74821407571667 318.7627732165769 248.72865669613358 36.427889640630795 
411.66736947864416 389.39444186326773 410.1139853771361 577.7432596719194 187.31354637838012 
564.9501646304185 498.4514451889095 310.53536218012397 532.2965824032113 257.35897362227433 
505.23657439323125 175.02136699906845 429.066228359738 284.06940210954787 99.00731026144368 
202.70140590545944 87.30531708080156 68.40644633263562 160.36576577885123 591.4652725989911 
263.7598310247338 595.4825773131587 39.54642121327248 592.1125549725521 554.2248343551628 
122.88172425836754 523.2494381143626 580.5052296630226 419.40488877860906 395.33509079325256 
447.4577966047983 239.57115208164927 256.36766405924766 462.60719363344873 242.95721833979744 
