314.53092643050695 280.844055238079 365.5415670877159 281.28368448496036 391.40404585374336 
142.62610270676763 341.8930929648114 46.42577916400902 216.5027897526835 103.86242766563296 
39.36971436650898 430.0553061374719 255.25704964458293 455.8829682746454 170.333217105176 
279.99704054515325 470.17015326767705 186.47256262607587 209.202224575313 479.41623235068164 
480.828773208007 14.857977008586257 245.4094608975522 242.37993101733346 14.592669094692358 
204.1911563019147 264.7342943725221 277.73490292024786 79.60503065227819 489.4195350369582 
103.15103144130165 471.6929064553541 416.7640641015587 83.43387698967341 442.3338206420289 
364.51381599649426 412.296279998409 349.38437381018 340.95860323177396 321.6773037817091 
277.5722702883494 352.05551153367975 420.9428246769192 424.93364911126554 427.8055705021155 
126.19051370567263 452.7635634732864 233.6243057072962 116.27510057202394 124.6557395829229 
208.994579157704 191.66293445337257 505.7120521405998 434.3359020220104 80.2030216539325 
80.56737962697835 483.4915854560937 472.6505617480157 72.34637459515652 43.93337407430164 
152.2701329458404 502.5826247794352 429.81027418312397 333.7404477150221 52.70892960711703 
429.10934813064694 253.22782465491395 53.88079129889877 299.92423575561526 464.9267109531839 
106.22103329096238 301.3016205823505 440.30512186563715 378.3574438955898 230.2049450571346 
230.15169226399667 460.33919536045084 161.33368187653156 111.39522274905288 189.32258017728586 
504.08710555930406 80.34454422681391 269.1596745003722 208.7754264091135 480.94627742004644 
198.23958131794012 259.8543888415352 235.0436007539136 370.34463205276245 79.77849221570109 
15.285161709924434 141.3020912055446 155.00483032504403 18.81775072792218 259.93476011394375 
162.39415202871015 439.41971185262616 250.02492808975202 376.09665097259176 30.205864474172884 
435.1795513776923 233.0111447646551 211.05592237228487 209.77917765769487 119.79171169631535 
221.772383725139 445.457902827912 261.55416289805873 500.63339336843705 457.3303100329239 
267.00514245994367 480.13097080300776 40.67804174540045 446.4630869387169 218.62339205973907 
84.94227282723153 427.6360705702446 414.4169935087811 215.23724768016223 363.22665796478515 
493.15051111455017 144.4893526249129 348.2959737890723 290.69371042071344 213.6882051288517 
42.3733694740525 222.1902285021539 280.27136185884825 349.7672437026636 388.15566132033166 
191.7002821637469 334.3261360371315 405.1611101236511 363.8568812353981 494.6163745610477 
500.7469353067865 212.7203219642516 69.4062873603367 398.671738710405 158.28293090733612 
78.45216087043926 364.94068645205823 106.92910413914541 281.5263220177893 40.4989611806798 
502.3185772104446 290.76111446939484 460.9303876602531 424.65585504886485 133.73982155628278 
